%ae 461 prelab 1 2b

% vv = .0375
% vf = 20*vv
vv = .0375
vf = .25


density = vf*1.84 + ((1-vf)-vv)*1.15